-3.750000000000000000e+02 -3.100000000000000000e+02 -2.450000000000000000e+02 -1.800000000000000000e+02 -1.150000000000000000e+02 -5.000000000000000000e+01 1.500000000000000000e+01 8.000000000000000000e+01 1.450000000000000000e+02 2.100000000000000000e+02
-4.200000000000000000e+02 -3.450000000000000000e+02 -2.700000000000000000e+02 -1.950000000000000000e+02 -1.200000000000000000e+02 -4.500000000000000000e+01 3.000000000000000000e+01 1.050000000000000000e+02 1.800000000000000000e+02 2.550000000000000000e+02
-4.650000000000000000e+02 -3.800000000000000000e+02 -2.950000000000000000e+02 -2.100000000000000000e+02 -1.250000000000000000e+02 -4.000000000000000000e+01 4.500000000000000000e+01 1.300000000000000000e+02 2.150000000000000000e+02 3.000000000000000000e+02
-5.100000000000000000e+02 -4.150000000000000000e+02 -3.200000000000000000e+02 -2.250000000000000000e+02 -1.300000000000000000e+02 -3.500000000000000000e+01 6.000000000000000000e+01 1.550000000000000000e+02 2.500000000000000000e+02 3.450000000000000000e+02
-5.550000000000000000e+02 -4.500000000000000000e+02 -3.450000000000000000e+02 -2.400000000000000000e+02 -1.350000000000000000e+02 -3.000000000000000000e+01 7.500000000000000000e+01 1.800000000000000000e+02 2.850000000000000000e+02 3.900000000000000000e+02
-6.000000000000000000e+02 -4.850000000000000000e+02 -3.700000000000000000e+02 -2.550000000000000000e+02 -1.400000000000000000e+02 -2.500000000000000000e+01 9.000000000000000000e+01 2.050000000000000000e+02 3.200000000000000000e+02 4.350000000000000000e+02
-6.450000000000000000e+02 -5.200000000000000000e+02 -3.950000000000000000e+02 -2.700000000000000000e+02 -1.450000000000000000e+02 -2.000000000000000000e+01 1.050000000000000000e+02 2.300000000000000000e+02 3.550000000000000000e+02 4.800000000000000000e+02
-6.900000000000000000e+02 -5.550000000000000000e+02 -4.200000000000000000e+02 -2.850000000000000000e+02 -1.500000000000000000e+02 -1.500000000000000000e+01 1.200000000000000000e+02 2.550000000000000000e+02 3.900000000000000000e+02 5.250000000000000000e+02
-7.350000000000000000e+02 -5.900000000000000000e+02 -4.450000000000000000e+02 -3.000000000000000000e+02 -1.550000000000000000e+02 -1.000000000000000000e+01 1.350000000000000000e+02 2.800000000000000000e+02 4.250000000000000000e+02 5.700000000000000000e+02
-7.800000000000000000e+02 -6.250000000000000000e+02 -4.700000000000000000e+02 -3.150000000000000000e+02 -1.600000000000000000e+02 -5.000000000000000000e+00 1.500000000000000000e+02 3.050000000000000000e+02 4.600000000000000000e+02 6.150000000000000000e+02
